8
C:\Users\Davi\Desktop\COCO-Style-Dataset-Generator-GUI-master\bags\davi\vid1_bags_6283.jpg
1080 1080

nine_west_bag
12169.96
796.81 475.58 793.82 488.65 788.85 491.92 785.86 532.77 779.89 575.25 772.92 625.91 784.86 645.51 795.81 653.68 811.74 665.12 832.64 666.75 859.52 658.58 899.33 638.98 913.27 624.27 920.24 603.03 916.26 567.08 913.27 540.94 919.24 465.77 796.81 475.58 

meixuan_brown_handbag
29801.57
6.47 712.51 48.27 704.34 76.15 696.17 115.96 688.00 148.81 684.73 173.69 689.63 187.63 694.53 185.64 720.68 168.72 738.65 158.76 748.45 165.73 774.60 177.68 789.30 195.59 820.35 209.53 838.32 207.54 861.20 198.58 890.61 189.62 924.92 189.62 983.75 166.73 1004.99 161.75 1008.26 145.82 1032.77 120.94 1013.16 105.01 1000.09 101.03 987.02 58.23 1000.09 51.26 1011.53 52.26 1013.16 69.18 1027.87 88.09 1034.40 128.90 1026.23 140.85 1031.13 110.98 1054.01 81.12 1047.47 56.24 1039.30 35.33 1034.40 18.41 1021.33 12.44 1032.77 2.49 1034.40 6.47 712.51 

sm_bdrew_grey_handbag
27811.60
402.63 593.23 378.74 632.44 367.79 652.05 369.79 674.92 370.78 750.09 383.72 763.16 397.66 777.87 418.56 786.04 438.47 789.30 458.38 789.30 478.28 789.30 510.14 786.04 544.97 772.96 548.96 763.16 583.79 759.89 628.59 743.55 652.48 732.11 654.47 704.34 664.42 676.56 674.38 640.61 676.37 622.64 680.35 594.86 672.38 580.15 654.47 571.98 625.60 565.45 592.75 563.81 569.86 580.15 513.12 575.25 402.63 593.23 

sm_bclarre_blush_crossbody
6178.10
593.75 299.11 585.79 313.81 580.81 339.96 574.84 362.83 563.89 384.08 576.83 395.51 606.69 395.51 643.52 392.25 666.41 390.61 703.24 393.88 727.13 392.25 720.16 379.17 715.19 372.64 709.21 344.86 702.25 321.98 688.31 297.47 593.75 299.11 

lmk_brown_messenger_bag
52301.98
213.51 411.85 222.47 403.68 211.52 388.98 200.57 375.91 187.63 307.28 177.68 186.36 170.71 155.32 166.73 132.44 163.74 107.93 169.71 93.23 190.62 88.32 245.36 89.96 275.22 91.59 297.12 101.40 328.97 104.66 349.88 114.47 372.77 121.00 393.68 122.64 408.61 130.81 416.57 116.10 440.46 117.74 458.38 125.91 465.34 134.08 477.29 129.17 500.18 122.64 511.13 124.27 513.12 160.22 513.12 194.53 508.15 237.02 514.12 256.62 521.09 292.57 523.08 326.89 528.05 385.71 525.07 402.05 505.16 411.85 469.32 418.39 331.96 434.73 279.21 424.92 236.40 428.19 213.51 411.85 

sm_peach_backpack
4715.51
893.36 328.52 887.39 299.11 886.39 289.30 903.32 279.50 924.22 277.87 944.13 274.60 955.08 279.50 973.99 282.77 994.89 282.77 1014.80 287.67 1026.74 294.21 1030.73 330.15 1029.73 343.23 1011.81 354.66 997.88 357.93 972.99 357.93 952.09 354.66 934.17 349.76 893.36 328.52 

black_ameligalanti
9878.66
796.58 179.57 788.25 185.59 780.25 188.33 771.58 203.10 761.58 234.84 749.58 280.26 731.58 321.30 711.58 342.65 716.91 362.89 723.91 359.06 734.58 350.85 745.25 339.91 757.58 303.79 790.25 198.73 804.58 231.56 796.58 255.09 758.92 301.60 747.25 337.17 787.58 300.51 790.25 328.97 798.25 365.63 803.92 379.31 811.92 380.95 829.59 380.95 853.92 379.31 868.92 376.57 881.92 370.01 888.92 349.21 888.92 331.15 887.59 316.93 882.26 278.07 875.92 255.09 846.92 212.95 840.59 191.07 820.25 181.22 796.58 179.57 

white_bag
5297.83
932.44 584.17 964.69 588.09 949.16 590.05 1005.30 601.82 1026.80 578.29 1049.49 560.64 1043.52 531.23 1027.99 493.97 1018.44 464.56 998.13 466.52 973.05 476.33 965.88 476.33 932.44 584.17 

black_backpack
8340.21
919.30 862.60 890.63 892.01 888.24 935.15 877.49 988.09 903.77 1021.42 936.02 1033.19 956.32 1044.95 988.58 1011.62 1017.24 970.44 1007.69 937.11 980.21 895.93 919.30 862.60 

