7
C:\Users\Davi\Desktop\COCO-Style-Dataset-Generator-GUI-master\bags\davi\vid1_bags_6071.jpg
1080 1080

black_ameligalanti
8520.60
877.44 903.68 889.38 879.17 911.28 856.30 921.23 859.57 938.15 875.91 955.08 895.51 976.97 916.75 997.88 946.17 1010.82 962.51 1010.82 987.02 985.93 1013.16 964.03 1037.67 942.14 1045.84 910.28 1027.87 890.38 1014.79 879.43 996.82 875.44 957.60 877.44 903.68 

white_bag
5777.18
966.03 482.11 957.07 496.82 947.11 534.40 935.17 554.01 926.21 581.79 946.12 589.96 959.06 594.86 984.94 593.23 1005.84 603.03 1026.74 581.79 1040.68 571.98 1049.64 560.55 1044.66 532.77 1029.73 490.28 1025.75 469.04 1014.80 459.24 984.94 467.41 964.03 470.68 966.03 482.11 

sm_peach_backpack
7593.52
767.94 354.66 802.78 357.93 833.64 357.93 862.50 354.66 892.37 357.93 916.26 361.20 950.10 354.66 969.01 356.30 1000.86 354.66 1032.72 343.23 1026.74 325.25 1028.74 302.38 1014.80 294.21 974.98 282.77 958.06 279.50 840.61 286.04 831.65 304.01 822.69 321.98 801.79 338.32 767.94 354.66 

lmk_brown_messenger_bag
51296.02
216.50 421.66 236.40 423.29 268.26 433.09 301.10 424.92 336.94 418.39 431.50 413.49 518.10 405.32 529.05 393.88 527.06 344.86 522.08 295.84 511.13 240.28 515.11 156.95 507.15 124.27 479.28 124.27 452.40 127.54 436.48 109.57 416.57 117.74 399.65 125.91 372.77 117.74 353.86 122.64 343.91 111.20 314.04 93.23 288.16 103.03 255.32 91.59 221.47 93.23 185.64 88.32 164.74 93.23 163.74 109.57 177.68 176.56 190.62 299.11 192.61 362.83 214.50 384.08 216.50 421.66 

black_plain_bag
5964.62
3.48 454.34 51.26 451.07 94.06 429.83 99.04 393.88 77.14 351.40 34.34 300.74 7.46 276.23 -0.50 269.70 3.48 454.34 

sm_bclarre_blush_crossbody
6637.57
590.76 304.01 578.82 328.52 572.85 361.20 564.88 384.08 562.89 395.51 607.68 398.78 630.58 398.78 659.44 397.15 704.24 395.51 733.10 392.25 720.16 384.08 712.20 362.83 703.24 328.52 688.31 307.28 679.35 295.84 640.53 292.57 602.71 295.84 590.76 304.01 

sm_bdrew_grey_handbag
27427.35
397.66 596.49 374.76 619.37 369.79 647.15 372.77 681.46 370.78 715.77 377.75 758.26 436.48 790.94 455.39 781.13 475.30 781.13 511.13 784.40 537.01 779.50 557.91 763.16 578.82 761.53 627.59 745.19 648.50 741.92 653.47 707.60 664.42 673.29 673.38 635.71 677.36 598.13 661.44 583.42 630.58 570.35 608.68 560.55 564.88 570.35 500.18 576.89 427.52 594.86 397.66 596.49 

meixuan_brown_handbag
30079.70
4.48 696.17 65.20 697.80 89.09 697.80 121.93 694.53 146.82 689.63 179.67 688.00 187.63 704.34 186.63 723.94 175.68 737.02 164.74 741.92 167.72 759.89 180.66 779.50 192.61 815.45 206.54 835.06 208.53 857.93 191.61 900.42 185.64 949.43 175.68 991.92 161.75 1013.16 135.87 1027.87 119.94 1014.79 104.02 996.82 90.08 985.38 71.17 995.19 52.26 1003.36 53.25 1016.43 72.16 1029.50 95.06 1032.77 117.95 1032.77 132.88 1027.87 133.88 1037.67 119.94 1042.57 90.08 1049.11 47.28 1037.67 22.39 1027.87 23.39 1022.96 7.46 1032.77 -0.50 1037.67 4.48 696.17 

nine_west_bag
12028.87
788.85 485.38 784.86 519.70 772.92 599.76 781.88 601.40 781.88 619.37 771.92 635.71 821.69 663.49 843.59 670.02 884.40 638.98 898.34 634.08 917.25 624.27 919.24 607.93 918.25 575.25 915.26 536.04 915.26 516.43 916.26 488.65 917.25 460.87 788.85 485.38 

