12
C:\Users\Davi\Desktop\COCO-Style-Dataset-Generator-GUI-master\bags\davi\vid1_bags_9059.jpg
1080 1080

sm_bclarre_blush_crossbody
14732.45
235.41 853.03 252.33 802.38 297.12 787.67 325.99 774.60 342.91 766.43 374.76 756.62 397.66 754.99 418.56 756.62 268.26 794.21 305.09 781.13 320.02 768.06 351.87 753.36 386.71 745.19 397.66 748.45 416.57 753.36 426.52 761.53 435.48 781.13 432.50 818.72 436.48 851.40 438.47 871.00 437.47 875.91 390.69 902.05 303.09 942.90 289.16 952.70 248.35 916.75 245.36 871.00 235.41 853.03 

sm_bclarre_blush_crossbody
15420.03
233.42 841.59 245.36 818.72 274.23 786.04 339.92 761.53 364.81 756.62 394.67 754.99 414.58 754.99 431.50 771.33 434.49 818.72 454.39 825.25 481.27 818.72 503.17 818.72 518.10 821.98 510.14 833.42 494.21 843.23 471.32 846.49 443.44 844.86 435.48 848.13 436.48 862.83 437.47 872.64 392.68 905.32 319.02 936.36 288.16 951.07 248.35 928.19 243.37 869.37 232.42 861.20 233.42 838.32 233.42 841.59 

mk_brown_wrislet
9109.79
951.09 480.48 954.08 462.51 983.94 446.17 1004.85 446.17 1024.75 441.26 1050.63 431.46 1065.56 428.19 1072.53 434.73 1077.51 571.98 1073.53 583.42 1051.63 596.49 982.95 611.20 993.90 589.96 987.92 575.25 966.03 565.45 949.10 560.55 951.09 480.48 

black_backpack
34526.43
13.44 634.08 59.22 609.57 95.06 601.40 129.90 624.27 139.85 671.66 152.79 709.24 182.65 794.21 184.64 792.57 188.62 892.25 189.62 936.36 191.61 949.43 93.07 1019.70 14.43 1075.25 -0.50 1076.89 1.49 642.25 13.44 634.08 

nine_west_bag
27656.28
442.45 807.28 465.34 784.40 477.29 570.35 402.63 555.64 344.90 552.38 248.35 570.35 193.60 570.35 194.60 611.20 202.56 678.19 207.54 723.94 204.55 771.33 222.47 784.40 259.30 784.40 233.42 782.77 256.31 768.06 273.23 768.06 307.08 769.70 398.65 737.02 419.56 741.92 435.48 784.40 442.45 807.28 

meixuan_brown_handbag
39122.80
12.44 134.08 3.48 135.71 23.39 135.71 70.17 143.88 104.02 147.15 135.87 143.88 170.71 153.68 209.53 165.12 229.44 174.92 252.33 173.29 275.22 174.92 267.26 201.07 256.31 209.24 252.33 223.94 262.28 233.75 255.32 271.33 272.24 305.64 287.17 325.25 294.14 336.69 307.08 357.93 303.09 380.81 293.14 408.58 281.20 423.29 256.31 433.09 235.41 431.46 226.45 423.29 207.54 434.73 139.85 455.97 104.02 438.00 85.10 431.46 3.48 439.63 2.49 137.34 12.44 134.08 

sm_bdrew_grey_handbag
27309.43
444.44 179.83 433.49 201.07 425.53 232.11 407.61 228.85 411.59 289.30 412.59 330.15 408.61 388.98 508.15 398.78 547.96 403.68 593.75 395.51 618.63 397.15 654.47 392.25 661.44 385.71 661.44 356.30 679.35 326.89 681.34 286.04 679.35 245.19 666.41 220.68 632.57 197.80 528.05 173.29 499.19 163.49 444.44 179.83 

wine_red_handbag
6415.56
592.75 670.02 621.62 686.36 636.55 678.19 668.40 681.46 708.22 673.29 736.09 676.56 758.98 673.29 755.00 621.00 746.04 609.57 734.10 609.57 735.09 586.69 740.07 552.38 734.10 542.57 727.13 563.81 719.17 599.76 625.60 617.74 622.62 588.32 630.58 568.72 658.45 544.21 691.30 536.04 694.28 522.96 628.59 547.47 605.69 616.10 592.75 670.02 

black_plain_bag
12574.95
806.76 230.48 751.02 266.43 743.06 277.87 721.16 300.74 708.22 317.08 699.26 369.37 731.11 372.64 763.96 372.64 786.85 369.37 820.70 364.47 841.60 375.91 865.49 369.37 877.44 361.20 879.43 336.69 910.28 305.64 921.23 289.30 924.22 304.01 917.25 328.52 898.34 348.13 881.42 359.57 901.32 364.47 917.25 341.59 926.21 304.01 934.17 253.36 934.17 237.02 918.25 232.11 910.28 219.04 888.38 222.31 852.55 241.92 806.76 230.48 

mk_brown_wrislet
2658.85
647.50 699.43 665.42 728.85 692.29 723.94 716.18 727.21 744.05 723.94 767.94 719.04 792.83 714.14 809.75 707.60 788.85 679.83 773.91 678.19 747.04 683.09 723.15 688.00 699.26 689.63 678.36 691.26 647.50 699.43 

sm_peach_backpack
13780.56
749.03 567.08 787.85 607.93 806.76 619.37 822.69 645.51 835.63 661.85 871.46 673.29 892.37 670.02 907.30 691.26 932.18 725.58 954.08 743.55 961.05 728.85 953.09 707.60 898.34 670.02 900.33 653.68 904.31 650.42 918.25 650.42 936.16 645.51 946.12 645.51 951.09 653.68 972.99 686.36 984.94 709.24 1001.86 709.24 1000.86 697.80 988.92 683.09 953.09 643.88 982.95 594.86 969.01 630.81 990.91 599.76 987.92 573.62 954.08 565.45 916.26 544.21 880.42 522.96 853.55 513.16 803.78 513.16 765.95 518.06 748.03 522.96 749.03 567.08 

black_ameligalanti
10559.37
469.32 764.79 490.23 774.60 517.10 797.47 557.91 862.83 579.81 921.66 612.66 991.92 632.57 1013.16 685.32 1029.50 712.20 1011.53 726.14 983.75 750.03 902.05 761.97 875.91 760.97 854.66 717.18 787.67 688.31 763.16 630.58 719.04 611.67 704.34 606.69 725.58 622.62 733.75 651.48 753.36 700.26 786.04 729.12 820.35 742.06 839.96 742.06 898.78 731.11 934.73 715.19 977.21 704.24 987.02 694.28 1009.89 666.41 1011.53 625.60 988.65 607.68 947.80 578.82 869.37 545.97 795.84 492.22 763.16 482.26 753.36 508.15 743.55 545.97 732.11 578.82 727.21 597.73 732.11 597.73 741.92 615.65 735.38 606.69 697.80 559.91 671.66 519.09 652.05 487.24 632.44 477.29 630.81 469.32 764.79 

white_bag
6131.53
634.30 530.65 642.94 522.77 656.38 508.59 666.46 505.44 708.22 503.07 727.90 489.68 746.14 490.47 765.83 489.68 780.23 493.62 799.43 504.65 804.71 509.38 744.22 524.35 744.70 533.02 746.62 559.02 748.06 578.72 779.27 603.15 786.95 611.03 785.03 617.33 762.95 622.85 747.58 606.30 737.98 601.57 740.38 553.51 733.18 540.11 718.78 585.03 713.50 592.12 695.74 591.33 650.14 601.57 638.14 601.57 630.46 604.73 713.02 592.91 713.50 599.21 637.18 608.67 632.86 608.67 631.42 588.97 635.74 570.84 634.78 532.23 634.30 530.65 

