11
C:\Users\Davi\Desktop\COCO-Style-Dataset-Generator-GUI-master\bags\davi\vid1_bags_7552.jpg
1080 1080

nine_west_bag
10029.14
765.95 186.36 752.02 227.21 752.02 246.82 745.05 284.40 740.07 323.62 745.05 364.47 761.97 379.17 807.76 385.71 835.63 384.08 854.54 372.64 851.56 323.62 849.56 287.67 832.64 183.09 817.71 165.12 799.79 163.49 765.95 186.36 

meixuan_brown_handbag
29729.19
7.46 701.07 55.24 701.07 93.07 686.36 118.95 684.73 156.77 691.26 167.72 688.00 183.65 691.26 185.64 707.60 180.66 722.31 142.84 719.04 132.88 727.21 135.87 741.92 142.84 743.55 154.78 751.72 166.73 776.23 178.67 794.21 195.59 815.45 208.53 841.59 202.56 877.54 186.63 918.39 189.62 972.31 174.69 1009.89 141.84 1034.40 120.94 1027.87 100.03 998.45 86.10 985.38 49.27 1008.26 53.25 1016.43 68.18 1026.23 99.04 1034.40 120.94 1027.87 131.89 1031.13 95.06 1054.01 23.39 1034.40 9.45 1032.77 1.49 1036.04 7.46 701.07 

sm_bdrew_grey_handbag
14136.76
744.05 531.13 768.94 506.62 829.66 501.72 863.50 498.45 899.33 518.06 892.37 549.11 891.37 575.25 893.36 601.40 879.43 629.17 864.50 647.15 843.59 656.95 839.61 660.22 859.52 684.73 864.50 704.34 883.41 728.85 910.28 737.02 937.16 720.68 962.04 699.43 973.99 684.73 972.99 655.32 956.07 645.51 919.24 619.37 906.30 601.40 918.25 611.20 941.14 627.54 960.05 643.88 979.96 673.29 973.99 697.80 952.09 720.68 928.20 738.65 904.31 745.19 887.39 740.28 877.44 728.85 853.55 692.90 838.62 674.92 810.74 648.78 789.84 632.44 769.93 607.93 788.85 629.17 817.71 655.32 808.75 665.12 779.89 660.22 760.97 658.58 732.11 647.15 719.17 648.78 703.24 640.61 701.25 560.55 701.25 554.01 744.05 531.13 

sm_bclarre_blush_crossbody
13610.19
216.50 304.01 233.42 299.11 342.91 304.01 285.18 292.57 398.65 290.94 405.62 305.64 408.61 326.89 425.53 361.20 444.44 382.44 465.34 393.88 485.25 410.22 469.32 420.02 421.55 421.66 445.44 405.32 425.53 379.17 416.57 380.81 416.57 397.15 417.56 406.95 405.62 421.66 353.86 420.02 308.07 429.83 288.16 431.46 244.37 431.46 221.47 421.66 215.50 416.75 216.50 304.01 

lmk_brown_messenger_bag
24510.71
419.56 529.50 421.55 567.08 428.51 630.81 434.49 686.36 436.48 735.38 435.48 759.89 489.23 786.04 506.15 782.77 540.99 771.33 568.86 748.45 589.77 737.02 610.67 727.21 647.50 705.97 647.50 653.68 643.52 614.47 626.60 562.18 610.67 482.11 589.77 504.99 530.04 529.50 453.40 540.94 419.56 529.50 

sm_peach_backpack
10766.74
992.90 846.49 968.02 846.49 946.12 859.57 929.20 890.61 917.25 913.49 896.35 942.90 904.31 965.77 922.23 987.02 940.15 1000.09 959.06 1011.53 979.96 1026.23 1010.82 1036.04 1020.77 1013.16 1040.68 977.21 1051.63 951.07 1066.56 915.12 1069.55 905.32 1059.59 884.08 1052.62 877.54 1039.68 857.93 1019.78 846.49 992.90 846.49 

black_ameligalanti
7036.87
918.25 588.32 962.04 594.86 975.98 594.86 1011.81 568.72 1027.74 552.38 996.88 442.90 976.97 442.90 942.14 444.53 918.25 454.34 911.28 465.77 918.25 588.32 

white_bag
5701.95
938.15 240.28 933.18 268.06 926.21 277.87 916.26 297.47 908.29 315.45 899.33 348.13 907.30 362.83 930.19 359.57 949.10 361.20 967.02 361.20 987.92 359.57 1006.84 353.03 1019.78 346.49 1016.79 313.81 1004.85 274.60 997.88 250.09 993.90 238.65 947.11 228.85 938.15 240.28 

black_backpack
16779.75
382.73 272.96 386.71 233.75 402.63 219.04 431.50 222.31 461.36 241.92 507.15 241.92 538.01 245.19 573.84 261.53 584.79 256.62 602.71 258.26 621.62 272.96 640.53 279.50 689.31 302.38 707.22 307.28 709.21 325.25 692.29 349.76 677.36 364.47 661.44 379.17 642.52 387.34 615.65 392.25 493.21 397.15 478.28 395.51 472.31 367.74 460.37 330.15 447.43 300.74 435.48 279.50 390.69 253.36 388.70 266.43 386.71 277.87 377.75 281.13 377.75 248.45 382.73 272.96 

