3
C:\Users\Davi\Desktop\COCO-Style-Dataset-Generator-GUI-master\bags\davi\vid1_bags_1920.jpg
1080 1080

sm_bclarre_blush_crossbody
9549.74
398.65 740.28 388.70 751.72 386.71 787.67 383.72 810.55 368.79 825.25 370.78 839.96 386.71 844.86 402.63 844.86 425.53 851.40 444.44 854.66 472.31 831.79 527.06 807.28 535.02 799.11 535.02 782.77 550.95 781.13 558.91 768.06 540.00 758.26 538.01 738.65 529.05 707.60 515.11 692.90 497.20 686.36 398.65 740.28 

nine_west_bag
10774.06
877.44 849.76 876.44 882.44 874.45 923.29 875.44 967.41 870.47 975.58 884.40 990.28 910.28 1011.53 933.18 1022.96 949.10 1040.94 979.96 1047.47 1000.86 1045.84 1014.80 1036.04 1020.77 1018.06 1024.75 980.48 1033.71 944.53 1028.74 929.83 997.88 910.22 955.08 880.81 877.44 849.76 

meixuan_brown_handbag
29730.41
387.70 184.73 368.79 201.07 354.85 233.75 350.87 253.36 367.79 277.87 364.81 299.11 351.87 335.06 348.88 362.83 341.91 379.17 341.91 402.05 365.80 403.68 408.61 405.32 429.51 408.58 453.40 405.32 477.29 405.32 507.15 403.68 527.06 403.68 551.94 413.49 585.79 406.95 605.69 393.88 621.62 395.51 645.51 390.61 643.52 356.30 631.57 317.08 625.60 297.47 621.62 274.60 629.58 245.19 640.53 225.58 649.49 227.21 617.64 210.87 582.80 201.07 526.06 188.00 467.33 178.19 387.70 184.73 

sm_bdrew_grey_handbag
36649.36
1.49 130.81 35.33 129.17 62.21 134.08 93.07 135.71 125.91 145.51 140.85 155.32 194.60 181.46 220.48 191.26 250.34 205.97 251.33 250.09 252.33 336.69 256.31 379.17 267.26 421.66 279.21 426.56 263.28 436.36 237.40 439.63 201.56 444.53 128.90 438.00 84.11 442.90 16.42 442.90 16.42 452.70 40.31 472.31 22.39 473.94 -0.50 470.68 1.49 130.81 

black_plain_bag
5541.25
953.58 248.18 967.68 252.27 988.42 265.88 1008.33 279.50 1031.56 298.56 1045.66 323.07 1051.46 343.50 1040.68 355.75 990.91 365.28 959.39 362.56 940.31 363.92 929.53 336.69 923.72 287.67 922.06 256.35 921.23 241.37 953.58 248.18 

lmk_brown_messenger_bag
17247.79
748.70 178.74 745.38 188.27 747.04 203.25 751.19 235.93 752.85 272.69 754.50 298.56 756.99 321.71 757.82 342.14 751.19 361.20 749.53 377.54 795.98 380.26 816.72 377.54 869.80 374.82 916.26 363.92 935.33 368.01 932.02 350.31 922.06 301.29 917.09 253.63 919.57 235.93 924.55 231.84 936.16 226.40 922.89 192.35 904.64 176.01 882.25 171.93 866.49 178.74 844.09 170.57 816.72 170.57 795.98 174.65 748.70 178.74 

sm_peach_backpack
4136.45
888.05 519.15 893.86 551.83 901.32 573.62 918.74 592.68 932.02 588.60 946.12 583.15 967.68 570.89 978.47 572.26 996.72 584.51 1020.77 587.23 1035.70 589.96 1015.79 580.43 988.42 562.72 991.74 557.28 997.55 550.47 997.55 521.87 992.57 502.81 989.25 493.28 947.78 497.36 919.57 508.26 888.05 519.15 

black_ameligalanti
15348.61
610.81 522.77 606.20 538.85 599.29 565.33 596.41 598.42 589.49 615.44 577.40 642.87 570.49 675.96 563.57 689.20 552.05 693.93 548.02 704.33 554.93 707.17 567.61 700.55 576.82 688.25 585.46 665.56 600.44 608.82 610.23 583.29 614.26 573.84 613.69 593.69 614.84 610.72 620.60 640.03 624.06 657.05 626.94 668.40 628.67 684.47 623.48 698.66 617.14 713.78 617.14 723.24 630.97 733.64 643.64 738.37 663.23 734.59 674.75 738.37 685.69 737.42 697.79 727.97 723.71 713.78 735.81 708.11 758.27 691.09 762.88 683.53 759.43 649.48 751.36 604.10 744.45 573.84 743.30 548.31 740.42 534.12 746.18 533.18 750.21 528.45 748.48 518.05 742.14 513.32 739.84 504.81 730.05 502.92 686.84 510.48 643.07 518.05 610.81 522.77 

white_bag
9802.78
879.24 499.13 865.42 492.52 848.71 496.30 831.43 501.97 794.56 513.32 778.43 520.88 776.13 530.34 768.07 572.89 764.03 591.80 758.85 609.77 762.88 657.05 768.07 662.72 779.59 665.56 792.84 666.51 806.66 667.45 817.03 669.34 829.13 671.23 839.49 668.40 851.59 658.94 863.11 649.48 877.51 639.08 890.19 630.57 901.13 624.90 906.31 619.23 897.10 576.67 879.24 499.13 

black_backpack
46078.75
11.46 654.15 44.30 645.98 66.20 639.44 90.09 621.47 115.97 608.40 141.85 592.06 164.75 580.62 208.54 580.62 217.50 606.76 228.45 634.54 242.39 693.37 258.31 744.02 265.28 753.82 265.28 793.04 268.27 842.06 269.26 881.27 273.24 899.25 235.42 928.66 171.71 959.71 136.88 987.48 99.05 995.65 51.27 1018.53 -1.48 1051.21 11.46 654.15 

