2
C:\Users\Davi\Desktop\COCO-Style-Dataset-Generator-GUI-master\bags\davi\vid1_bags_12014.jpg
1080 1080

wine_red_handbag
15198.83
312.05 830.15 330.97 846.49 351.87 851.40 384.72 867.74 399.65 874.27 426.52 864.47 465.34 843.23 506.15 821.98 541.99 804.01 556.92 794.21 547.96 772.96 537.01 751.72 522.08 719.04 507.15 714.14 502.17 705.97 510.14 692.90 524.07 658.58 522.08 637.34 518.10 617.74 487.24 607.93 458.38 614.47 430.50 619.37 409.60 635.71 384.72 670.02 357.84 697.80 346.89 758.26 358.84 764.79 369.79 764.79 380.74 722.31 398.65 691.26 444.44 655.32 474.30 635.71 501.18 621.00 516.11 638.98 512.13 671.66 501.18 696.17 486.25 712.51 470.32 715.77 419.56 745.19 377.75 756.62 346.89 769.70 330.97 794.21 312.05 830.15 

meixuan_brown_handbag
36000.00
283.19 161.85 271.24 179.83 259.30 212.51 251.33 228.85 250.34 268.06 258.30 290.94 252.33 326.89 256.31 369.37 269.25 410.22 286.17 413.49 316.03 420.02 364.81 421.66 419.56 415.12 458.38 411.85 478.28 413.49 517.10 426.56 553.93 413.49 564.88 395.51 569.86 364.47 564.88 339.96 541.99 299.11 540.00 282.77 545.97 277.87 539.00 256.62 550.95 227.21 557.91 210.87 530.04 199.43 464.35 173.29 379.74 166.75 283.19 161.85 

lmk_brown_messenger_bag
22055.98
596.74 519.70 592.75 537.67 595.74 578.52 598.73 616.10 605.69 707.60 603.70 728.85 613.66 745.19 632.57 746.82 655.46 753.36 678.36 754.99 703.24 743.55 735.09 727.21 760.97 717.41 798.80 696.17 801.79 686.36 794.82 655.32 790.84 625.91 785.86 593.23 796.81 598.13 806.76 611.20 812.74 609.57 812.74 598.13 804.77 576.89 794.82 545.84 776.90 518.06 766.95 493.55 749.03 498.45 720.16 503.36 689.31 508.26 657.45 524.60 638.54 518.06 596.74 519.70 

sm_bdrew_grey_handbag
36627.00
0.50 132.44 93.07 135.71 105.01 129.17 179.67 171.66 199.57 174.92 221.47 191.26 245.36 201.07 247.35 258.26 252.33 361.20 262.28 406.95 278.21 433.09 253.32 447.80 214.50 454.34 182.65 451.07 125.91 441.26 37.32 449.43 20.40 454.34 8.46 460.87 0.50 132.44 

sm_bclarre_blush_crossbody
6057.03
595.90 300.14 586.10 305.81 583.80 337.01 585.53 361.60 586.10 385.24 588.98 396.59 598.78 396.59 609.15 398.48 666.17 392.80 688.06 389.97 708.22 389.97 722.62 386.19 700.16 372.95 710.53 372.95 710.53 359.71 703.62 338.91 702.46 317.16 699.58 302.97 688.06 291.63 640.83 288.79 595.90 300.14 

sm_peach_backpack
5313.67
919.79 289.87 950.20 280.79 978.54 275.12 995.82 268.31 1010.34 276.25 1023.47 279.66 1042.83 280.79 1060.11 286.47 1063.56 311.43 1062.87 336.39 1055.96 352.28 1041.44 360.22 1011.72 356.82 993.06 359.09 964.72 351.15 950.20 352.28 928.77 346.61 920.48 340.93 919.79 289.87 

nine_west_bag
10708.07
883.62 857.58 877.89 878.76 876.46 916.41 876.46 965.82 873.59 982.29 893.66 1003.47 943.82 1034.05 973.92 1048.17 1001.16 1043.47 1016.92 1027.00 1024.09 977.58 1032.69 935.23 1002.59 909.35 945.26 871.70 883.62 857.58 

black_ameligalanti
11833.31
799.88 180.47 786.74 169.12 772.23 170.25 792.97 183.87 787.44 199.76 786.05 213.37 783.98 240.61 774.99 274.65 756.33 312.09 721.77 339.33 710.02 345.00 712.78 354.08 738.36 339.33 761.86 312.09 783.98 272.38 792.27 254.22 791.58 267.84 792.27 284.86 795.04 300.75 797.80 323.44 792.27 340.46 786.74 365.43 783.98 376.77 797.11 380.18 821.31 382.45 841.35 377.91 864.16 377.91 891.81 375.64 909.79 367.69 909.09 332.52 911.17 304.15 909.09 272.38 902.87 250.82 904.95 226.99 913.93 216.78 909.09 203.16 901.49 191.81 844.12 188.41 799.88 180.47 

black_backpack
47506.74
2.36 630.68 84.07 607.15 158.60 597.74 214.50 588.33 236.00 658.92 251.77 715.39 264.67 750.68 267.54 837.74 264.67 891.86 254.64 908.33 164.33 976.56 108.43 990.68 25.30 1023.62 9.53 1037.74 -0.50 1040.09 2.36 630.68 

black_plain_bag
8837.35
997.20 616.56 941.46 608.39 911.59 596.95 891.69 567.54 892.68 523.43 901.64 498.92 936.48 477.67 963.35 471.14 990.23 477.67 1011.13 497.28 1034.03 525.06 1053.93 547.93 1061.90 562.64 1063.89 580.61 1033.03 588.78 1032.04 593.69 997.20 616.56 

mk_brown_wrislet
1365.82
839.93 598.59 823.00 606.76 803.10 621.46 792.15 629.63 802.10 645.97 831.96 647.61 833.95 652.51 852.87 637.80 881.73 619.83 890.69 616.56 839.93 598.59 

