9
C:\Users\Davi\Desktop\COCO-Style-Dataset-Generator-GUI-master\bags\davi\vid1_bags_70.jpg
1080 1080

black_backpack
32672.68
48.27 652.05 102.03 638.98 125.91 629.17 161.75 712.51 168.72 764.79 181.66 808.91 185.64 851.40 190.62 929.83 192.61 951.07 114.97 1006.62 28.37 1062.18 1.49 1078.52 -0.50 666.75 3.48 655.32 48.27 652.05 

nine_west_bag
25118.19
203.56 748.45 254.32 771.33 291.15 776.23 325.99 759.89 360.83 741.92 399.65 733.75 418.56 746.82 428.51 761.53 435.48 790.94 437.47 808.91 469.32 787.67 470.32 689.63 480.27 576.89 468.33 562.18 413.58 554.01 315.04 570.35 229.44 583.42 203.56 748.45 

meixuan_brown_handbag
39214.69
4.48 137.34 36.33 135.71 67.19 145.51 98.04 150.42 127.91 152.05 155.78 155.32 176.68 161.85 201.56 170.02 220.48 171.66 240.38 174.92 259.30 179.83 276.22 178.19 271.24 194.53 259.30 205.97 253.32 223.94 258.30 230.48 266.26 233.75 260.29 254.99 258.30 274.60 261.29 297.47 280.20 313.81 299.11 343.23 306.08 371.00 290.15 418.39 278.21 428.19 266.26 438.00 240.38 449.43 219.48 429.83 206.54 442.90 148.81 452.70 121.93 455.97 97.05 442.90 79.13 431.46 47.28 436.36 19.41 436.36 7.46 436.36 2.49 439.63 4.48 137.34 

sm_bdrew_grey_handbag
27910.41
458.38 183.09 444.44 183.09 436.48 199.43 425.53 225.58 412.59 230.48 405.62 241.92 407.61 279.50 407.61 320.35 415.57 385.71 426.52 395.51 457.38 400.42 503.17 403.68 523.08 406.95 562.89 405.32 620.62 398.78 642.52 393.88 660.44 387.34 663.43 367.74 673.38 353.03 675.37 338.32 680.35 307.28 675.37 282.77 675.37 261.53 682.34 241.92 670.39 217.41 628.59 194.53 526.06 174.92 496.20 163.49 458.38 183.09 

wine_red_handbag
5988.61
592.75 663.49 606.69 622.64 622.62 616.10 636.55 611.20 647.50 563.81 664.42 550.74 700.26 532.77 722.15 537.67 733.10 544.21 739.08 575.25 738.08 591.59 730.12 601.40 729.12 586.69 724.15 562.18 711.21 550.74 688.31 547.47 665.42 560.55 655.46 573.62 649.49 603.03 654.47 614.47 671.39 614.47 691.30 614.47 705.23 612.83 724.15 599.76 734.10 599.76 742.06 611.20 756.00 629.17 758.98 650.42 760.97 661.85 728.13 668.39 698.26 676.56 670.39 678.19 632.57 688.00 592.75 663.49 

sm_bclarre_blush_crossbody
15376.12
244.37 799.11 236.40 828.52 234.41 856.30 241.38 861.20 246.36 872.64 248.35 905.32 257.31 920.02 263.28 931.46 275.22 938.00 285.18 941.26 298.12 941.26 317.03 934.73 359.83 915.12 403.63 897.15 434.49 880.81 436.48 862.83 433.49 838.32 441.45 841.59 469.32 848.13 494.21 841.59 516.11 826.89 506.15 823.62 480.27 826.89 462.36 825.25 443.44 825.25 433.49 815.45 427.52 781.13 418.56 758.26 407.61 743.55 393.68 735.38 312.05 768.06 244.37 799.11 

mk_brown_wrislet
3100.84
646.50 694.53 672.38 728.85 737.09 720.68 788.85 712.51 800.79 715.77 807.76 709.24 791.83 681.46 775.91 674.92 742.06 673.29 687.32 678.19 646.50 694.53 

black_plain_bag
13139.33
697.27 367.74 703.24 321.98 805.77 233.75 844.59 241.92 913.27 222.31 918.25 237.02 932.18 233.75 929.20 304.01 923.22 333.42 901.32 361.20 881.42 371.00 848.57 379.17 697.27 367.74 

lmk_brown_messenger_bag
9735.16
923.22 537.67 942.14 467.41 1018.78 449.43 1056.61 439.63 1075.52 431.46 1078.50 565.45 1074.52 585.06 1051.63 596.49 1012.81 607.93 992.90 604.66 987.92 583.42 953.09 563.81 923.22 537.67 

sm_peach_backpack
11236.38
840.61 658.58 803.78 624.27 778.89 594.86 753.01 560.55 759.98 534.40 775.91 519.70 844.59 514.79 864.50 513.16 882.41 532.77 917.25 560.55 960.05 568.72 984.94 583.42 970.01 638.98 943.13 643.88 997.88 697.80 995.89 712.51 972.00 684.73 933.18 642.25 876.44 650.42 840.61 658.58 

black_ameligalanti
8161.97
481.27 640.61 512.13 652.05 530.04 661.85 552.94 676.56 581.80 689.63 609.68 705.97 625.60 720.68 644.51 730.48 657.45 737.02 673.38 743.55 688.31 761.53 706.23 782.77 722.15 810.55 701.25 797.47 681.34 774.60 611.67 727.21 597.73 723.94 575.83 728.85 548.96 735.38 517.10 738.65 494.21 745.19 478.28 751.72 487.24 754.99 526.06 790.94 540.99 802.38 560.90 821.98 569.86 851.40 584.79 879.17 595.74 903.68 607.68 936.36 620.62 957.60 630.58 993.55 617.64 1009.89 579.81 931.46 543.98 835.06 529.05 813.81 503.17 781.13 478.28 758.26 473.31 681.46 481.27 640.61 

white_bag
7515.72
636.89 507.92 629.29 548.63 629.29 559.14 628.09 593.94 626.49 609.05 660.89 609.70 715.29 599.20 723.69 593.94 737.69 599.85 749.69 613.64 755.29 620.87 765.29 622.18 783.30 616.93 789.30 614.96 763.69 582.78 750.89 563.08 751.29 537.47 760.49 523.68 772.49 513.17 792.50 507.92 794.90 503.32 778.10 491.50 765.69 484.94 718.09 494.13 636.89 507.92 

