13
C:\Users\Davi\Desktop\COCO-Style-Dataset-Generator-GUI-master\bags\davi\vid2_bags_1.jpg
1080 1080

white_bag
19128.35
607.68 222.31 597.73 287.67 586.78 388.98 615.65 400.42 646.50 398.78 680.35 398.78 766.95 384.08 817.71 382.44 826.67 372.64 819.70 357.93 811.74 323.62 798.80 254.99 796.81 227.21 790.84 217.41 729.12 209.24 665.42 210.87 627.59 204.34 607.68 222.31 

black_ameligalanti
6320.41
946.12 586.69 972.00 594.86 1006.84 589.96 1036.70 581.79 1046.65 576.89 1043.67 539.30 1041.68 482.11 1038.69 441.26 1022.76 446.17 990.91 449.43 972.99 455.97 961.05 465.77 945.12 552.38 946.12 586.69 

sm_peach_backpack
13347.52
795.81 204.34 810.74 168.39 829.66 158.58 848.57 143.88 865.49 142.25 852.55 150.42 838.62 161.85 841.60 166.75 851.56 168.39 862.50 168.39 876.44 173.29 880.42 168.39 876.44 160.22 873.45 145.51 888.38 155.32 898.34 178.19 912.27 179.83 920.24 188.00 928.20 199.43 934.17 222.31 936.16 248.45 935.17 286.04 936.16 323.62 944.13 357.93 917.25 371.00 862.50 380.81 826.67 372.64 809.75 333.42 798.80 254.99 797.80 210.87 810.74 158.58 795.81 204.34 

lmk_brown_messenger_bag
13006.37
771.92 655.32 810.74 668.39 832.64 668.39 874.45 658.58 929.20 635.71 944.13 629.17 931.19 609.57 933.18 589.96 932.18 526.23 919.24 482.11 911.28 460.87 870.47 470.68 817.71 473.94 806.76 495.19 771.92 655.32 

black_plain_bag
36617.65
173.69 230.48 221.47 173.29 239.39 170.02 273.23 184.73 330.97 210.87 364.81 220.68 442.45 209.24 463.35 214.14 478.28 225.58 501.18 250.09 526.06 269.70 547.96 290.94 562.89 323.62 577.82 338.32 580.81 377.54 573.84 403.68 557.91 413.49 340.92 428.19 298.12 426.56 267.26 426.56 226.45 411.85 217.49 325.25 223.46 299.11 173.69 230.48 

mk_brown_wrislet
2424.64
605.69 714.14 661.44 740.28 750.03 699.43 726.14 679.83 699.26 676.56 687.32 674.92 639.54 697.80 605.69 714.14 

mk_brown_wrislet
1078.34
605.69 686.36 605.69 714.14 683.33 714.14 683.33 686.36 605.69 686.36 

sm_bclarre_blush_crossbody
2610.06
987.92 1032.77 967.02 1057.28 916.26 1071.98 891.37 1057.28 883.41 1054.01 894.36 1024.60 914.26 1003.36 932.18 991.92 949.10 996.82 963.04 1004.99 987.92 1032.77 

sm_bdrew_grey_handbag
39572.11
270.25 630.81 258.30 652.05 250.34 684.73 245.36 701.07 241.38 719.04 251.33 741.92 252.33 761.53 244.37 794.21 244.37 821.98 248.35 836.69 258.30 844.86 268.26 848.13 277.21 846.49 298.12 861.20 319.02 871.00 344.90 882.44 382.73 888.98 421.55 874.27 474.30 844.86 506.15 828.52 551.94 810.55 573.84 797.47 588.77 781.13 574.84 722.31 566.87 673.29 567.87 652.05 563.89 630.81 547.96 603.03 546.97 586.69 528.05 571.98 488.24 576.89 439.46 606.30 341.91 624.27 312.05 637.34 270.25 630.81 

meixuan_brown_handbag
6213.47
940.15 230.48 954.08 223.94 963.04 225.58 982.95 228.85 1003.85 235.38 1026.74 245.19 1039.68 254.99 1043.67 304.01 1044.66 341.59 1036.70 354.66 1007.83 361.20 985.93 356.30 960.05 354.66 941.14 335.06 937.16 297.47 940.15 230.48 

nine_west_bag
23614.94
70.17 1045.84 105.01 1011.53 121.93 975.58 117.95 823.62 117.95 738.65 114.97 638.98 91.08 630.81 66.19 634.08 52.26 627.54 27.37 630.81 15.43 643.88 3.48 643.88 2.49 1073.62 70.17 1045.84 

