0
/home/hans/Desktop/Vision Internship/Dataset/COCO-Style-Dataset-Generator-GUI/annot/vid2_1496.jpg
1080 1080

toiletries
23520.22
107.91 284.62 103.18 296.75 98.46 309.75 95.13 323.18 92.07 386.87 92.07 417.64 92.90 443.63 98.46 453.60 102.63 462.70 108.46 467.46 117.91 474.40 127.63 478.30 132.91 479.60 139.57 479.60 146.24 479.60 151.24 483.06 155.96 483.06 164.85 485.66 200.13 483.93 225.41 480.46 247.36 476.13 269.03 471.80 285.69 469.20 300.42 467.46 318.47 460.97 335.70 451.43 337.36 441.47 339.87 431.50 338.48 418.94 330.42 366.51 322.36 328.81 320.14 318.85 316.25 309.75 311.81 301.08 306.53 293.72 301.53 289.39 295.14 283.75 286.53 279.42 254.58 274.22 240.97 272.05 225.97 269.89 209.30 265.99 190.41 266.42 177.35 264.69 162.35 264.69 150.13 262.52 141.52 265.12 130.13 269.02 117.91 275.09 107.91 284.62 

toiletries
5478.85
274.47 990.53 273.99 820.57 339.75 808.59 340.71 970.32 274.47 990.53 

pocky_red
6990.95
265.35 810.09 333.03 795.12 342.15 807.85 341.67 971.07 277.83 996.52 264.87 980.05 265.35 810.09 

pocky_red
4679.26
213.02 938.12 225.98 945.61 261.51 934.38 260.07 810.84 281.19 801.86 279.27 765.92 268.23 760.68 207.74 780.89 213.02 938.12 

pocky_red
4087.33
164.06 908.17 176.06 916.41 209.66 904.43 203.90 780.14 230.79 766.67 230.79 744.95 219.26 740.46 156.86 757.68 164.06 908.17 

pocky_pink
5677.60
358.95 932.13 376.23 941.87 429.52 916.41 434.80 774.90 419.44 758.43 364.23 781.64 358.95 932.13 

pocky_pink
2461.29
309.51 794.37 332.07 788.38 345.03 898.44 359.91 895.45 357.51 775.65 377.19 766.67 379.59 745.70 363.75 736.72 309.03 755.44 309.51 794.37 

pocky_pink
1571.67
250.95 759.93 268.23 750.20 283.59 764.42 283.59 796.62 305.67 789.88 301.35 753.94 314.79 744.21 316.23 714.26 306.63 709.76 250.95 726.99 250.95 759.93 

oreo
3346.86
524.08 852.77 538.00 864.75 570.65 851.27 547.61 707.52 503.92 718.75 524.08 852.77 

oreo
1978.43
482.80 830.31 499.12 837.79 517.84 830.31 500.08 719.50 517.36 709.02 511.12 697.04 480.88 708.27 476.08 725.49 482.80 830.31 

oreo
1985.62
433.36 747.95 439.60 796.62 445.84 790.63 436.72 687.30 437.20 670.83 397.84 676.82 392.56 690.30 400.24 756.93 400.24 762.17 432.40 759.18 433.36 747.95 

ritz
3171.92
583.31 818.04 594.14 823.24 598.59 819.78 614.42 816.31 626.65 808.08 640.26 796.38 647.20 785.55 642.76 782.52 638.04 773.42 633.87 764.75 633.87 756.09 635.26 747.42 631.65 735.29 628.03 724.02 625.81 711.46 624.70 704.09 624.70 698.03 599.98 712.76 583.31 724.46 573.03 733.55 563.31 742.65 583.31 818.04 

ritz
698.62
564.98 792.91 570.53 788.15 558.59 740.49 569.14 728.36 577.48 720.99 588.59 708.86 578.59 681.56 551.09 702.79 564.98 792.91 

ritz
655.89
470.52 708.42 475.80 720.99 481.36 705.39 509.69 693.69 519.42 707.99 527.19 707.56 538.03 701.93 524.14 679.83 512.19 663.36 470.52 708.42 

ritz
5321.80
702.77 800.10 721.98 790.74 739.18 783.88 748.38 782.01 754.78 767.03 757.98 752.68 760.38 742.08 763.98 728.98 761.58 718.37 760.38 704.02 757.58 697.16 739.58 706.51 758.78 695.91 706.77 684.05 653.17 699.03 648.37 728.35 650.37 749.56 654.37 774.52 654.37 785.13 702.77 800.10 

cup_noodles
1933.55
635.97 753.93 645.97 753.31 644.77 722.11 650.77 696.53 676.37 686.55 674.77 672.82 628.37 656.60 610.77 663.46 593.17 670.33 579.57 674.07 593.57 707.76 622.77 693.41 635.97 753.93 

cup_noodles
1483.48
558.76 691.54 575.17 675.32 582.77 669.08 589.57 665.96 599.97 661.59 610.77 657.22 577.17 642.25 558.36 646.62 538.76 647.24 522.76 649.11 520.36 656.60 516.76 667.21 525.96 679.06 531.56 690.29 538.76 699.65 545.56 705.89 558.76 691.54 

red_noodles
3732.00
759.98 756.43 778.38 747.69 790.38 747.69 801.58 739.58 815.18 731.47 811.98 702.77 808.38 681.56 804.38 663.46 799.58 649.74 794.78 631.02 776.38 633.51 762.78 641.63 751.58 643.50 735.18 645.99 701.17 659.10 698.37 677.81 759.98 690.92 759.98 756.43 

red_noodles
1742.74
677.57 683.43 696.77 682.18 697.17 660.97 706.37 648.49 718.78 645.99 731.98 641.63 732.38 619.79 684.77 621.04 652.77 624.16 643.97 625.40 644.37 655.98 661.97 665.33 673.97 664.71 677.17 664.09 677.57 683.43 

red_noodles
1428.20
583.57 622.28 600.37 611.68 623.97 606.69 643.57 605.44 670.37 601.07 673.97 619.79 639.97 621.04 642.77 654.73 629.57 652.23 615.57 657.22 587.57 643.50 583.57 622.28 

brown_cracker
376.55
862.46 696.17 862.93 714.23 869.41 712.06 896.49 684.26 895.34 674.51 904.13 662.60 897.19 662.96 862.46 696.17 

brown_cracker
680.91
811.77 681.01 829.59 690.04 854.59 683.18 864.32 681.73 869.18 668.73 864.08 664.04 833.53 649.60 811.77 681.01 

brown_cracker
113.41
802.97 650.32 822.65 656.10 811.77 675.95 802.97 650.32 

black_cracker
693.87
900.43 674.15 900.89 688.23 909.92 689.31 921.73 681.37 931.45 672.70 943.26 655.37 934.00 627.21 928.90 627.21 900.43 674.15 

black_cracker
230.72
870.80 664.04 871.95 672.70 879.59 671.26 902.05 643.10 898.58 631.18 870.80 664.04 

black_cracker
370.12
841.17 652.12 879.83 623.60 889.09 625.04 882.60 643.10 858.53 659.71 841.17 652.12 

black_cracker
365.05
805.01 647.19 830.29 617.70 839.35 615.90 843.60 633.05 824.88 652.30 815.05 651.70 805.01 647.19 

mints
114.72
903.27 639.61 902.57 659.83 906.97 658.02 922.48 634.91 903.27 639.61 

mints
762.39
946.56 652.25 944.01 684.74 958.36 687.27 986.37 674.63 984.52 645.39 977.34 638.16 946.56 652.25 

goldfish
880.81
988.41 608.06 991.19 617.09 1008.09 617.09 1013.64 630.09 1024.75 636.95 1036.56 629.37 1046.75 620.34 1031.70 600.48 1010.17 577.73 1002.76 582.79 988.41 608.06 

goldfish
701.45
955.77 604.81 976.37 612.76 978.46 623.95 1000.45 624.31 985.86 611.67 1000.45 584.96 988.64 562.57 972.67 577.37 955.77 604.81 

goldfish
557.31
931.92 594.34 946.51 618.17 964.10 622.87 964.57 612.04 952.53 603.01 958.32 594.34 958.55 582.79 933.78 559.68 931.92 594.34 

orange_packets
622.69
1049.83 616.49 1066.50 615.05 1078.53 610.71 1078.53 543.19 1070.89 545.36 1049.83 616.49 

orange_packets
585.14
1016.72 581.11 1035.71 539.94 1045.66 537.06 1055.15 531.28 1050.99 551.50 1044.74 572.08 1034.09 595.55 1024.36 592.30 1016.72 581.11 

orange_packets
358.54
979.68 565.22 985.47 532.36 1006.54 533.08 1003.99 564.86 994.73 569.55 989.18 558.36 979.68 565.22 

canada_soda
5433.18
17.01 458.89 27.81 462.63 38.21 462.63 49.42 462.63 63.42 462.63 79.02 459.51 85.42 459.51 93.02 450.15 89.82 428.94 89.82 411.47 89.82 392.75 89.42 377.15 87.42 354.69 85.02 342.84 79.42 331.61 75.02 322.25 66.62 324.12 56.62 322.25 47.01 322.25 38.21 322.25 27.81 322.25 17.01 321.62 10.21 321.62 5.41 339.09 5.41 347.21 8.61 388.38 13.41 435.18 17.01 458.89 

men_kit
11622.10
363.15 462.60 408.16 469.88 503.16 458.45 504.16 306.10 404.82 299.34 357.82 304.54 363.15 462.60 

sanitary_pads
7033.79
503.19 445.62 553.30 454.61 641.43 443.83 643.16 351.29 555.61 346.79 503.76 346.79 503.19 445.62 

advil
8222.93
598.41 298.83 597.21 343.12 644.01 343.12 642.81 442.95 655.61 446.70 742.82 435.47 747.62 300.07 598.41 298.83 

red_bottle
3754.37
744.88 432.94 750.55 434.50 761.55 439.18 769.88 435.54 781.89 435.54 786.89 435.54 791.22 433.98 794.89 431.39 795.89 430.35 795.89 424.63 795.89 410.59 795.89 399.15 796.89 383.03 796.89 365.87 798.55 348.71 796.55 339.36 793.89 334.16 793.89 329.48 797.89 325.84 797.89 315.96 794.22 309.72 790.89 301.40 786.22 296.20 781.22 289.96 781.22 285.28 786.89 285.28 784.89 271.76 774.22 272.80 767.88 272.80 759.88 272.80 751.88 272.28 751.22 283.72 755.88 288.92 753.55 292.56 750.22 296.72 744.88 432.94 

red_bottle
307.48
695.55 297.24 699.55 296.72 698.88 289.44 698.55 276.96 704.21 274.36 710.21 274.88 717.55 274.88 722.88 274.88 727.22 274.88 727.88 281.64 727.88 288.92 725.55 293.08 728.55 295.68 731.55 295.68 695.55 297.24 

red_bottle
340.06
595.87 284.24 594.21 296.20 596.87 303.48 591.87 307.12 588.21 311.28 586.21 318.04 583.21 331.56 587.21 332.60 587.21 338.84 581.21 340.92 595.21 343.00 597.87 296.20 622.21 296.72 621.88 290.48 619.21 285.80 604.87 284.24 614.87 285.28 595.87 284.24 

blue_bottle
3910.02
824.85 427.37 833.65 426.12 844.05 427.99 850.05 429.86 858.05 429.86 867.26 429.86 877.26 429.86 880.46 423.00 881.26 413.02 881.26 402.41 885.26 383.69 885.26 371.21 885.26 356.86 885.26 346.26 884.06 340.64 880.46 335.65 883.66 330.66 884.46 323.80 884.86 310.69 876.86 298.84 872.46 292.60 874.06 286.36 874.06 274.51 862.46 275.13 847.25 273.26 845.65 288.86 839.65 296.97 832.85 308.20 827.65 324.42 834.45 335.03 826.45 340.02 826.45 359.98 828.45 376.83 828.45 385.56 828.45 403.03 827.65 406.15 824.45 408.65 826.45 418.01 824.85 427.37 

white_bottle
2814.70
883.72 418.82 884.17 422.20 894.53 428.67 900.76 422.20 912.51 422.20 922.88 417.89 924.26 407.11 926.66 387.14 926.66 369.05 928.66 342.22 923.86 335.98 927.06 329.12 928.66 317.26 923.06 306.03 917.06 300.42 918.26 292.31 918.26 281.07 908.26 281.70 900.66 280.45 887.86 281.07 887.46 287.94 893.06 300.42 883.86 304.16 885.06 334.11 883.72 418.82 

white_bottle
523.32
813.45 418.96 823.45 418.96 820.65 405.86 826.25 389.01 825.45 373.42 823.05 351.58 823.05 337.23 829.45 332.86 824.25 323.50 829.85 309.15 839.85 294.80 843.05 287.94 834.65 287.94 827.85 291.06 829.85 298.54 827.45 307.28 821.85 314.14 817.45 323.50 814.65 330.99 818.65 334.11 815.85 342.22 817.05 375.91 813.45 418.96 

orange_bottle
3170.00
934.84 412.73 944.84 415.85 956.84 418.97 969.24 418.97 984.44 418.34 988.44 405.24 991.64 379.66 991.64 359.70 994.04 342.85 990.04 336.61 994.04 329.75 994.04 317.89 989.24 309.78 984.84 306.04 982.44 301.05 984.84 292.31 985.24 285.45 976.44 286.07 968.04 286.07 959.64 284.82 954.84 284.82 954.84 293.56 957.64 301.67 952.44 307.29 947.24 308.53 942.44 321.01 941.64 326.00 945.64 335.36 939.64 342.85 934.84 412.73 

orange_bottle
1054.88
797.63 410.86 812.43 411.48 814.43 379.04 813.63 343.47 813.23 329.12 820.43 311.03 817.23 306.04 822.03 302.92 821.23 296.06 799.23 292.94 796.43 302.92 798.83 311.65 796.03 330.99 797.63 410.86 

canada_soda
1617.94
991.64 406.49 994.44 363.44 998.04 344.10 1004.04 335.36 1016.45 335.36 1031.65 335.36 1038.45 335.36 1040.05 354.70 1038.45 372.80 1037.65 399.00 1035.65 407.11 1021.65 411.48 1012.45 411.48 1001.64 408.36 991.64 406.49 

coke
653.35
1038.45 403.37 1055.65 403.37 1058.05 387.15 1059.25 368.43 1059.65 345.97 1055.65 334.11 1040.45 334.11 1038.45 403.37 

mountain_dew
628.99
1057.65 402.12 1077.65 402.75 1078.45 382.78 1078.97 361.12 1078.97 348.98 1078.69 339.45 1076.75 335.99 1070.36 335.12 1063.97 335.12 1061.19 342.92 1057.65 402.12 

milan
4560.62
64.99 1029.97 80.20 1051.53 102.32 1051.53 143.10 1035.36 150.70 972.83 150.70 942.64 153.47 931.86 147.25 920.00 126.51 921.07 96.09 930.78 75.36 948.03 64.99 1029.97 

milan
2041.64
59.46 991.15 66.37 993.31 66.37 942.64 92.64 925.39 123.74 915.68 127.20 897.36 137.57 886.57 134.11 865.01 98.86 876.87 71.21 879.03 39.41 889.81 56.69 914.61 67.75 914.61 59.46 991.15 

milan
1197.96
30.43 956.65 58.77 949.11 63.61 915.68 51.16 911.37 36.65 885.50 67.75 868.25 62.91 833.75 2.50 854.01 44.80 854.01 30.43 956.65 

