1
/home/hans/Desktop/Vision Internship/Dataset/COCO-Style-Dataset-Generator-GUI/annot/vid2_55.jpg
1080 1080

black_cracker
4907.85
955.54 635.56 965.33 696.65 1002.78 708.33 1058.65 710.13 1076.51 698.45 1074.20 606.81 955.54 635.56 

brown_cracker
1302.39
857.61 551.10 840.33 566.38 859.92 587.94 871.44 604.11 896.21 618.49 927.32 634.66 942.29 630.17 857.61 551.10 

brown_cracker
1389.86
920.98 586.14 936.53 550.20 998.74 618.49 973.97 627.47 932.50 609.50 920.98 586.14 

brown_cracker
1159.68
980.31 589.74 979.73 544.81 1045.40 603.21 1012.57 618.49 989.53 606.81 980.31 589.74 

brown_cracker
858.73
1029.27 577.52 1066.60 539.78 1073.51 561.35 1078.35 590.46 1071.44 593.69 1047.25 602.32 1029.27 577.52 

red_noodles
5919.79
774.90 562.42 841.26 607.71 853.01 576.44 830.20 563.50 857.15 536.55 869.60 552.72 893.10 571.05 926.28 503.13 897.94 493.42 809.46 453.53 774.90 562.42 

red_noodles
2289.63
1014.76 453.53 1004.39 479.41 1042.41 505.28 1009.92 559.19 1023.74 575.36 1065.91 531.16 1077.66 563.50 1077.66 488.03 1014.76 453.53 

cup_noodles
3588.06
709.23 530.08 742.41 551.64 772.82 545.17 781.12 506.36 800.47 466.47 764.53 452.45 707.15 454.61 700.24 482.64 709.23 530.08 

red_noodles
4557.61
949.93 449.27 920.55 495.99 932.65 504.07 897.51 575.95 911.91 588.53 939.56 540.91 974.70 581.34 975.85 531.93 1006.96 555.29 1039.79 500.48 949.93 449.27 

cup_noodles
776.57
815.14 449.27 847.97 468.14 884.84 482.51 890.60 470.83 906.73 470.83 866.98 444.78 815.14 449.27 

cup_noodles
737.41
878.72 450.72 907.61 468.49 910.66 474.12 893.44 473.69 887.05 483.22 919.27 494.92 935.11 468.49 942.61 452.89 878.72 450.72 

ritz
1193.84
668.74 490.89 692.81 490.16 699.53 490.89 701.84 446.48 695.82 403.87 684.71 408.92 671.98 416.51 668.74 490.89 

ritz
778.79
712.49 413.62 708.55 452.61 733.09 450.81 746.75 450.09 748.37 403.87 712.49 413.62 

ritz
785.52
762.26 416.51 761.80 449.72 788.65 455.86 811.11 410.01 798.37 408.56 762.26 416.51 

oreo
484.07
654.85 467.78 667.12 473.92 669.43 445.03 670.59 412.53 691.89 402.42 690.96 391.59 671.75 388.70 665.96 403.87 663.18 412.17 662.72 431.67 659.25 452.97 654.85 467.78 

oreo
450.05
702.77 387.98 700.45 430.95 702.53 443.59 701.61 463.81 707.86 448.64 712.49 412.53 730.78 406.76 729.62 395.20 702.77 387.98 

oreo
277.92
771.06 412.53 801.62 405.67 803.70 398.81 796.29 389.79 778.23 385.45 771.06 412.53 

pocky_pink
1341.68
599.29 458.03 615.96 467.78 628.92 468.14 629.61 378.23 609.70 369.57 601.14 372.82 599.29 458.03 

pocky_pink
745.63
673.13 389.07 674.76 378.96 663.88 372.10 648.13 371.37 645.82 448.64 658.09 452.97 663.41 431.31 663.41 411.81 665.96 404.23 670.13 391.23 673.13 389.07 

pocky_pink
276.46
706.93 372.10 705.78 386.90 724.53 391.95 730.08 395.56 731.24 403.15 734.94 403.15 733.79 377.51 717.81 369.57 706.93 372.10 

pocky_red
721.79
580.55 435.01 586.38 450.60 597.50 449.30 600.27 373.48 603.61 368.71 597.77 360.91 585.27 360.91 580.55 435.01 

pocky_red
616.86
629.17 440.64 645.28 448.87 647.22 368.71 661.95 367.41 643.33 361.35 634.72 364.81 629.17 440.64 

pocky_red
350.59
675.28 362.65 672.78 373.48 676.11 378.25 674.45 386.04 690.84 390.38 698.34 408.14 701.39 367.85 675.28 362.65 

milan
3238.35
522.34 398.28 572.80 407.30 581.60 390.33 584.15 358.56 583.68 349.89 592.48 322.09 594.33 312.34 592.25 301.87 523.03 290.32 526.27 353.14 528.12 369.39 528.36 384.56 522.34 398.28 

milan
1607.61
570.49 292.84 640.86 301.15 642.95 309.81 632.99 342.31 626.97 372.64 609.84 367.59 602.67 366.14 596.88 358.92 584.38 357.48 583.22 349.53 593.18 320.29 594.10 311.26 592.48 300.79 570.49 292.84 

white_bottle
4053.99
1016.58 207.84 1033.86 213.83 1056.42 210.84 1068.42 207.84 1073.23 179.39 1073.23 137.46 1079.47 89.54 1078.99 55.10 1078.99 28.90 1078.99 0.45 1062.66 -2.55 1054.50 7.93 1048.26 28.15 1053.06 43.87 1043.46 59.60 1039.62 87.30 1033.38 132.22 1029.06 172.65 1016.58 207.84 

blue_bottle
8750.68
926.26 203.72 927.06 208.71 943.86 208.71 956.66 209.96 975.86 211.21 999.06 211.21 1011.86 208.09 1015.86 197.48 1015.86 179.39 1023.06 148.82 1028.66 117.62 1037.06 80.19 1029.46 68.95 1039.86 58.97 1039.86 33.39 1030.26 9.68 1021.86 -1.55 983.86 -0.93 973.06 11.55 960.26 25.90 951.86 52.11 959.06 65.21 946.26 78.94 926.26 203.72 

red_bottle
6240.66
837.45 203.10 850.65 207.47 869.85 207.47 896.25 207.47 905.05 207.47 908.25 193.12 913.05 165.04 917.86 142.58 923.06 101.40 917.06 90.17 923.86 77.07 923.86 60.84 912.25 38.38 910.65 33.39 916.26 27.78 917.06 9.68 899.05 6.56 879.45 9.68 878.25 24.66 881.45 36.51 870.25 44.62 861.85 57.10 859.45 67.08 863.45 75.82 856.25 83.30 849.05 97.03 837.45 203.10 

red_bottle
1889.68
905.05 206.22 924.66 206.22 943.46 77.07 958.66 63.34 948.26 52.11 959.46 23.41 959.46 19.04 952.26 19.66 944.26 19.66 933.46 22.16 929.06 33.39 935.86 48.37 925.46 52.73 923.46 60.22 923.46 76.44 916.66 86.42 924.66 100.15 905.05 206.22 

advil
6704.89
735.84 204.97 787.45 203.10 836.65 200.60 845.85 95.78 860.65 77.07 859.45 66.46 805.85 63.96 753.44 75.19 735.84 204.97 

sanitary_pads
2557.82
671.44 203.10 702.24 204.35 733.04 200.60 747.04 122.61 711.04 122.61 678.64 127.60 671.44 203.10 

men_kit
1800.76
641.04 196.10 671.32 197.83 676.04 123.31 722.16 119.41 724.66 103.81 679.10 99.91 650.49 105.11 641.04 196.10 

toiletries
1843.17
609.48 109.22 604.62 113.56 602.08 127.64 598.83 141.36 598.83 165.19 598.83 177.10 597.68 195.88 604.85 198.77 611.10 195.16 620.60 194.43 627.77 192.99 634.48 191.91 638.65 179.63 639.81 170.60 641.89 162.66 643.98 152.55 644.44 136.30 646.29 124.03 646.29 116.44 642.36 106.70 627.77 105.61 609.48 109.22 

canada_soda
580.85
129.14 1021.84 144.35 1021.84 162.35 1016.84 157.55 996.88 146.35 985.02 133.94 986.90 120.34 998.13 120.34 1009.36 129.14 1021.84 

canada_soda
651.86
166.35 1004.37 182.35 1013.10 203.15 1009.36 218.75 1004.99 201.15 979.41 188.35 975.04 175.55 981.28 168.75 988.77 166.35 1004.37 

