2
/home/hans/Desktop/Vision Internship/Dataset/COCO-Style-Dataset-Generator-GUI/annot/vid_60.jpg
1080 1080

pocky_red
6462.90
269.43 961.86 281.91 971.60 346.23 945.39 342.87 789.66 330.39 778.43 269.91 797.90 269.43 961.86 

pocky_red
4923.03
207.02 910.20 218.54 919.94 267.51 901.22 264.15 794.90 278.55 786.67 276.63 752.97 267.03 743.24 207.02 761.96 207.02 910.20 

pocky_red
2078.61
179.18 881.00 205.58 870.52 204.14 755.22 228.63 748.48 223.82 726.77 215.66 714.79 187.34 727.52 184.46 751.48 182.54 765.70 179.18 881.00 

pocky_pink
5216.12
420.64 911.70 436.96 919.19 487.36 895.23 490.24 752.23 476.80 743.99 423.52 762.71 420.64 911.70 

pocky_pink
3843.83
369.75 857.04 381.75 869.02 421.12 855.55 419.20 758.22 434.08 752.23 434.08 719.28 422.08 708.80 372.63 725.27 369.75 857.04 

pocky_pink
2827.70
303.99 780.68 329.91 776.18 344.31 784.42 345.75 817.36 363.03 812.87 360.63 690.83 353.91 686.34 304.47 697.57 303.99 780.68 

red_noodles
8637.88
541.13 825.60 545.93 836.08 561.29 847.31 641.93 833.83 662.80 815.25 662.80 779.32 660.88 750.86 652.24 727.65 645.52 693.21 638.80 685.73 527.43 713.43 541.13 825.60 

red_noodles
2847.02
412.71 660.27 411.75 708.19 425.67 706.69 434.79 718.67 436.23 747.12 474.63 737.39 467.91 684.23 508.71 672.25 502.95 640.05 412.71 660.27 

red_noodles
3875.28
474.15 684.23 477.51 738.88 489.03 749.37 489.03 795.79 504.87 804.02 536.55 798.03 525.51 711.93 585.52 695.46 579.28 664.76 474.15 684.23 

oreo
1736.22
662.41 802.25 672.83 801.95 686.52 795.63 700.99 789.32 737.65 774.27 742.28 769.16 748.06 757.12 751.54 745.99 753.27 738.47 737.65 734.25 726.46 737.26 713.53 743.88 700.61 749.30 679.58 755.92 666.65 761.33 662.80 762.84 662.41 802.25 

oreo
593.29
662.26 754.65 682.40 746.35 686.79 735.88 689.11 725.05 695.13 711.69 674.52 711.33 651.84 718.19 662.26 754.65 

mints
776.66
736.81 729.93 751.81 734.09 777.48 714.33 772.81 678.98 735.81 698.21 736.81 729.93 

mints
1048.65
796.79 738.61 812.13 745.89 843.46 729.77 838.13 691.82 826.13 687.14 796.46 700.13 796.79 738.61 

sanitary_pads
5393.95
-0.18 506.27 76.43 493.69 59.15 341.85 0.97 339.16 -0.18 506.27 

men_kit
15673.64
155.35 476.62 196.83 481.11 319.52 471.23 318.95 298.73 191.07 289.74 169.75 287.05 142.10 296.03 155.35 476.62 

blue_bottle
7753.04
415.14 454.16 437.03 458.65 465.83 464.04 488.30 459.55 495.79 448.77 495.79 431.70 495.79 405.64 495.79 378.69 495.79 349.04 495.79 336.46 486.57 326.58 495.79 314.90 486.57 287.94 472.75 265.48 475.05 243.92 459.50 240.33 435.88 240.33 433.58 252.01 438.76 263.69 430.12 277.16 420.33 292.44 415.72 314.00 423.21 322.98 414.57 336.46 415.14 454.16 

blue_bottle
6349.63
534.93 447.75 545.93 451.91 556.93 451.39 566.93 452.43 580.27 452.43 595.27 450.35 606.27 447.75 606.27 431.11 605.94 406.16 606.60 381.20 606.60 357.80 606.60 340.64 599.60 331.81 606.94 319.85 602.94 302.69 596.94 289.69 587.27 277.73 586.27 269.93 589.94 266.81 589.94 256.93 570.93 253.29 550.60 254.85 545.93 265.25 554.27 275.13 547.27 284.49 536.93 296.97 534.60 318.29 543.27 326.61 534.27 336.48 534.93 447.75 

orange_bottle
5342.32
673.77 317.59 677.77 325.39 672.44 336.83 673.10 442.90 682.10 444.98 693.77 444.98 704.11 445.50 719.77 448.10 733.11 446.02 737.78 381.02 739.78 337.35 733.11 327.99 737.44 321.23 737.44 308.23 732.11 298.87 721.77 288.47 721.77 281.20 727.44 278.08 725.77 263.52 714.44 260.40 704.44 261.96 694.11 261.44 688.44 261.44 687.11 278.60 695.11 284.83 687.44 290.03 680.77 298.87 674.77 304.59 673.77 317.59 

orange_bottle
4389.21
614.43 435.62 615.77 397.14 617.77 356.59 617.77 339.43 624.10 331.63 616.77 321.23 625.77 303.55 635.44 287.95 633.77 280.16 633.77 270.28 644.44 268.72 655.10 266.64 666.10 266.64 669.10 281.20 663.44 287.95 667.44 293.15 674.10 301.99 672.44 317.07 677.77 323.31 670.10 334.75 671.77 439.78 665.10 441.34 656.44 442.38 643.77 442.90 634.10 442.90 624.43 442.38 616.43 441.86 614.43 435.62 

